<!-- Source: 第三章 数据链路层/3.2 组帧.pdf -->
本节内容

组帧

王道考研/CSKAOYAN.COM

数据链路层示意图

数 据

5

  应 用 层

4

  传 输 层

3

  网 络 层

IP数据报（分组）

2  数据链路层

首

帧尾

1

  物 理 层

10100 ……… 110100

3

2

1

数 据

5

4

3

2

1

主机

物理传输媒体（0层）

路由器

物理传输媒体（0层）

主机

王道考研/CSKAOYAN.COM

本节总览

王道考研/CSKAOYAN.COM

6字节

帧的数据部分
0
10
0
00

1

0

字符计数法

0

0

0

00

01
0

0

0

0

11

10
1

0

0

1

11

11
1

0

0

0

00

10
0

0

1

0

11

11
1

帧
定
界

0

0

0

00

11
1

0

1

0

00

10
0

0

0

0

00

01
0

0

0

0

11

10
1

0

0

1

11

11
1

0

0

0

00

10
0

0

1

0

11

11
1

帧⼤⼩=7字节

注意：帧长 = 计数字段长度 + 帧的数据部分长度

• 原理：在每个帧开头，用一个定长计数字段表示帧长

• 最大缺点：任何一个计数字段出错，都会导致后续所有帧无法定界

王道考研/CSKAOYAN.COM

帧的数据部分
0
10
0
00

0

1

字节填充法

0

0

0

00

01
0

0

0

0

11

10
1

0

0

1

11

11
1

0

0

0

00

10
0

0

1

0

11

11
1

帧定
界

0

0

0

00

10
0

0

1

0

00

10
0

0

0

0

00

01
0

0

0

0

11

10
1

0

0

1

11

11
1

0

0

0

00

10
0

0

1

0

11

11
1

0

0

0

00

01
0

控制字符SOH

新
的
问
题

控制字符EOT

0

0

0

00

10
0

0

1

0

00

10
0

0

0

0

00

01
0

0

0

0

11

10
1

0

0

1

11

11
1

0

0

0

00

10
0

0

1

0

11

11
1

0

0

0

00

01
0

控制字符SOH

数据部分包含
控制字符

数据部分包含
控制字符

控制字符EOT

王道考研/CSKAOYAN.COM

字节填充法

0

0

0

00

10
0

0

1

0

00

10
0

0

0

0

00

01
0

0

0

0

11

10
1

0

0

1

11

11
1

0

0

0

00

10
0

0

1

0

11

11
1

0

0

0

00

01
0

控制字符SOH

数据部分包含
控制字符

转
义
字
符

数据部分包含
控制字符

控制字符EOT

0

0

0

00

10
0

0

1

0

00

10
0

0

0

0

11

10
1

0

0

0

00

01
0

0

0

0

11

10
1

0

0

1

11

11
1

0

0

0

11

10
1

0

0

0

00

10
0

0

1

0

11

11
1

0

0

0

00

01
0

控制字符SOH

转义字符ESC

新
的
问
题

转义字符ESC

控制字符EOT

0

0

0

00

10
0

0

1

0

00

10
0

0

0

0

11

10
1

0

0

0

00

01
0

0

0

0

11

10
1

0

0

1

11

11
1

0

0

0

11

10
1

0

0

0

00

10
0

0

1

0

11

11
1

0

0

0

00

01
0

控制字符SOH

转义字符ESC

数据部分包含
转义字符ESC

转义字符ESC

控制字符EOT

王道考研/CSKAOYAN.COM

字节填充法

0

0

0

00

10
0

0

1

0

00

10
0

0

0

0

11

10
1

0

0

0

00

01
0

0

0

0

11

10
1

0

0

1

11

11
1

0

0

0

11

10
1

0

0

0

00

10
0

0

1

0

11

11
1

0

0

0

00

01
0

控制字符SOH

转义字符ESC

数据部分包含
转义字符ESC

转义字符ESC

控制字符EOT

0

0

0

00

10
0

0

1

0

00

10
0

0

0

0

11

10
1

0

0

0

00

01
0

0

0

0

11

10
1

0

0

0

11

10
1

0

0

1

11

11
1

0

0

0

11

10
1

0

0

0

00

10
0

0

1

0

11

11
1

0

0

0

00

01
0

控制字符SOH

转义字符ESC

转义字符ESC

数据部分包含
转义字符ESC

转义字符ESC

控制字符EOT

如果帧的数据部分包含“特殊字符”，则发送方需要在这些“特殊字符”前
填充“转义字符 ESC”（接收方要做逆处理）

王道考研/CSKAOYAN.COM

零比特填充法

0

0

0

00

01
0

0

0

0

11

10
1

0

0

1

11

11
1

0

0

0

00

10
0

0

1

0

11

11
1

帧定
界

帧的数据部分
0
10
0
00

1

0

0

1

1

11

01
1

0

1

0

00

10
0

0

0

0

00

01
0

0

0

0

11

10
1

0

0

1

11

11
1

0

0

0

00

10
0

0

1

0

11

11
1

0

1

1

11

01
1

特殊⽐特串表示
帧开始/结束

新
的
问
题

特殊⽐特串表示
帧开始/结束

0

1

1

11

01
1

0

1

0

00

10
0

0

0

0

00

01
0

0

0

0

11

10
1

0

0

1

11

11
1

0

0

0

00

10
0

0

1

0

11

11
1

0

1

1

11

01
1

特殊⽐特串表示
帧开始/结束

数据部分可能出
现特殊⽐特串

特殊⽐特串表示
帧开始/结束

王道考研/CSKAOYAN.COM

零比特填充法

0

1

1

11

01
1

0

1

0

00

10
0

0

0

0

00

01
0

0

0

0

11

10
1

0

0

1

11

11
1

0

0

0

00

10
0

0

1

0

11

11
1

0

1

1

11

01
1

特殊⽐特串表示
帧开始/结束

数据部分可能出
现特殊⽐特串

特殊⽐特串表示
帧开始/结束

0

1

1

11

01
1

0

1

0

00

10
0

0

0

0

00

01
0

0

0

0

11

10
1

0

0

1

11

01
1

1

0

0

0

00

10
0

0

1

0

11

11
1

0

0

1

1

11

01
1

特殊⽐特串表示
帧开始/结束

发送⽅：数据部分每遇到连
续的5个1，就填充⼀个0

特殊⽐特串表示
帧开始/结束

•发送方需要对帧的数据部分进行处理，每当遇到连续5个1，就填充一个0
•接受方需要对帧的数据部分进行逆处理，每当遇到连续5个1，就删掉后面的0

王道考研/CSKAOYAN.COM

违规编码法

0

0

0

00

01
0

0

0

0

11

10
1

0

0

1

11

11
1

0

0

0

00

10
0

0

1

0

11

11
1

帧的数据部分
0
10
0
00

1

0

0

1

0

0

1

1

1

……

违规编码
（基于曼彻斯特编码）

曼彻斯特编码（IEEE标准）：
上跳0下跳1看中间，中必变
如果周期中间不跳变，则“违规”

违规编码
（基于曼彻斯特编码）

王道考研/CSKAOYAN.COM

知识回顾与重要考点

王道考研/CSKAOYAN.COM